%YAML:1.0
---
T_cur_ref: !!opencv-matrix
   rows: 4
   cols: 4
   dt: f
   data: [ 9.99935508e-01, -5.49953431e-03, 9.60004888e-03,
       1.85042992e-02, 5.48272394e-03, 9.99982119e-01, 1.55748276e-03,
       9.84838326e-03, -9.60693974e-03, -1.50778575e-03, 9.99950051e-01,
       -1.64336208e-02, 0., 0., 0., 1. ]
