%YAML:1.0
---
T_cur_ref: !!opencv-matrix
   rows: 4
   cols: 4
   dt: f
   data: [ 9.91752088e-01, -3.67386192e-02, 1.22781791e-01,
       1.10997044e-01, 3.64489630e-02, 9.99324083e-01, 4.59842058e-03,
       3.44201997e-02, -1.22867167e-01, -8.65632610e-05, 9.92422104e-01,
       -1.24945812e-01, 0., 0., 0., 1. ]
