%YAML:1.0
---
T_cur_ref: !!opencv-matrix
   rows: 4
   cols: 4
   dt: f
   data: [ 9.99795735e-01, -5.32033155e-03, 1.95419174e-02,
       2.03589629e-02, 5.29295206e-03, 9.99985456e-01, 1.49256550e-03,
       9.21523850e-03, -1.95501782e-02, -1.38790882e-03, 9.99808669e-01,
       -2.13397164e-02, 0., 0., 0., 1. ]
