%YAML:1.0
---
T_cur_ref: !!opencv-matrix
   rows: 4
   cols: 4
   dt: f
   data: [ 9.99201238e-01, -1.19449282e-02, 3.81787084e-02,
       4.19920348e-02, 1.18969716e-02, 9.99929190e-01, 1.52180903e-03,
       2.07809824e-02, -3.81952412e-02, -1.06466142e-03, 9.99271393e-01,
       -4.57233898e-02, 0., 0., 0., 1. ]
