%YAML:1.0
---
T_cur_ref: !!opencv-matrix
   rows: 4
   cols: 4
   dt: f
   data: [ 9.98376906e-01, -1.70675032e-02, 5.43615669e-02,
       6.30234331e-02, 1.68881770e-02, 9.99851227e-01, 3.78066837e-03,
       3.37593965e-02, -5.44189662e-02, -2.85516982e-03, 9.98515546e-01,
       -7.04090893e-02, 0., 0., 0., 1. ]
