%YAML:1.0
---
T_cur_ref: !!opencv-matrix
   rows: 4
   cols: 4
   dt: f
   data: [ 9.97464001e-01, -2.23307889e-02, 6.76066577e-02,
       8.35267603e-02, 2.20458731e-02, 9.99745846e-01, 4.98462468e-03,
       4.85198945e-02, -6.77019283e-02, -3.47966794e-03, 9.97701347e-01,
       -9.53320488e-02, 0., 0., 0., 1. ]
