%YAML:1.0
---
T_cur_ref: !!opencv-matrix
   rows: 4
   cols: 4
   dt: f
   data: [ 9.96589303e-01, -2.67292205e-02, 7.80558959e-02,
       1.03769138e-01, 2.64092926e-02, 9.99637425e-01, 5.11472253e-03,
       6.56400025e-02, -7.81636313e-02, -3.03704408e-03, 9.96934831e-01,
       -1.19736463e-01, 0., 0., 0., 1. ]
