%YAML:1.0
---
T_cur_ref: !!opencv-matrix
   rows: 4
   cols: 4
   dt: f
   data: [ 9.99660313e-01, -1.32474853e-02, 2.25787926e-02,
       3.93571332e-02, 1.30871823e-02, 9.99889135e-01, 7.32624857e-03,
       2.03937702e-02, -2.26747170e-02, -7.02517247e-03, 9.99720812e-01,
       -3.56849134e-02, 0., 0., 0., 1. ]
