%YAML:1.0
---
T_cur_ref: !!opencv-matrix
   rows: 4
   cols: 4
   dt: f
   data: [ 9.99002159e-01, -2.30263546e-02, 3.83478664e-02,
       6.01687506e-02, 2.25450005e-02, 9.99662995e-01, 1.29941404e-02,
       2.99049299e-02, -3.86355855e-02, -1.21135451e-02, 9.99182522e-01,
       -5.62089235e-02, 0., 0., 0., 1. ]
