%YAML:1.0
---
T_cur_ref: !!opencv-matrix
   rows: 4
   cols: 4
   dt: f
   data: [ 9.97841477e-01, -3.13652940e-02, 5.77409416e-02,
       8.09744075e-02, 3.05282529e-02, 9.99417305e-01, 1.53568964e-02,
       3.76950204e-02, -5.81903011e-02, -1.35582071e-02, 9.98215735e-01,
       -7.82197863e-02, 0., 0., 0., 1. ]
