%YAML:1.0
---
T_cur_ref: !!opencv-matrix
   rows: 4
   cols: 4
   dt: f
   data: [ 9.96022940e-01, -3.85528319e-02, 8.03414881e-02,
       1.01638846e-01, 3.74626778e-02, 9.99185681e-01, 1.50477206e-02,
       4.44902517e-02, -8.08568969e-02, -1.19766202e-02, 9.96655107e-01,
       -1.01743780e-01, 0., 0., 0., 1. ]
