%YAML:1.0
---
T_cur_ref: !!opencv-matrix
   rows: 4
   cols: 4
   dt: f
   data: [ 9.99715388e-01, -7.44045945e-03, 2.27489397e-02,
       2.29085460e-02, 7.44913751e-03, 9.99973238e-01, -2.31125479e-04,
       5.33971610e-03, -2.27475390e-02, 4.02251404e-04, 9.99742687e-01,
       -2.26220638e-02, 0., 0., 0., 1. ]
