%YAML:1.0
---
T_cur_ref: !!opencv-matrix
   rows: 4
   cols: 4
   dt: f
   data: [ 9.98790205e-01, -1.59249492e-02, 4.65575308e-02,
       4.52640317e-02, 1.59722492e-02, 9.99873102e-01, -6.14835124e-04,
       1.05695007e-02, -4.65428010e-02, 1.35931745e-03, 9.98916805e-01,
       -4.65156585e-02, 0., 0., 0., 1. ]
