%YAML:1.0
---
T_cur_ref: !!opencv-matrix
   rows: 4
   cols: 4
   dt: f
   data: [ 9.97162819e-01, -2.26766337e-02, 7.18044117e-02,
       6.72784224e-02, 2.26703621e-02, 9.99743640e-01, 9.26002976e-04,
       1.66566614e-02, -7.18080923e-02, 7.06383202e-04, 9.97420013e-01,
       -7.11392835e-02, 0., 0., 0., 1. ]
