%YAML:1.0
---
T_cur_ref: !!opencv-matrix
   rows: 4
   cols: 4
   dt: f
   data: [ 9.94877636e-01, -2.76949815e-02, 9.69585180e-02,
       8.85975212e-02, 2.75850371e-02, 9.99601662e-01, 2.26864684e-03,
       2.43660659e-02, -9.69704762e-02, 3.93111259e-04, 9.95264471e-01,
       -9.66387317e-02, 0., 0., 0., 1. ]
